8 7 3 
4 _ 6 
1 2 5 

8 7 3 
4 2 6 
1 _ 5 

8 7 3 
4 2 6 
1 5 _ 

8 7 3 
4 2 _ 
1 5 6 

8 7 3 
4 _ 2 
1 5 6 

8 _ 3 
4 7 2 
1 5 6 

_ 8 3 
4 7 2 
1 5 6 

4 8 3 
_ 7 2 
1 5 6 

4 8 3 
7 _ 2 
1 5 6 

4 _ 3 
7 8 2 
1 5 6 

4 3 _ 
7 8 2 
1 5 6 

4 3 2 
7 8 _ 
1 5 6 

4 3 2 
7 _ 8 
1 5 6 

4 3 2 
7 5 8 
1 _ 6 

4 3 2 
7 5 8 
1 6 _ 

4 3 2 
7 5 _ 
1 6 8 

4 3 2 
7 _ 5 
1 6 8 

4 3 2 
_ 7 5 
1 6 8 

4 3 2 
1 7 5 
_ 6 8 

4 3 2 
1 7 5 
6 _ 8 

4 3 2 
1 _ 5 
6 7 8 

4 _ 2 
1 3 5 
6 7 8 

_ 4 2 
1 3 5 
6 7 8 

1 4 2 
_ 3 5 
6 7 8 

1 4 2 
3 _ 5 
6 7 8 

1 _ 2 
3 4 5 
6 7 8 

_ 1 2 
3 4 5 
6 7 8 

