5 1 3 
8 6 _ 
7 4 2 

5 1 _ 
8 6 3 
7 4 2 

5 _ 1 
8 6 3 
7 4 2 

5 6 1 
8 _ 3 
7 4 2 

5 6 1 
_ 8 3 
7 4 2 

5 6 1 
7 8 3 
_ 4 2 

5 6 1 
7 8 3 
4 _ 2 

5 6 1 
7 _ 3 
4 8 2 

5 6 1 
7 3 _ 
4 8 2 

5 6 1 
7 3 2 
4 8 _ 

5 6 1 
7 3 2 
4 _ 8 

5 6 1 
7 3 2 
_ 4 8 

5 6 1 
_ 3 2 
7 4 8 

5 6 1 
3 _ 2 
7 4 8 

5 _ 1 
3 6 2 
7 4 8 

_ 5 1 
3 6 2 
7 4 8 

3 5 1 
_ 6 2 
7 4 8 

3 5 1 
6 _ 2 
7 4 8 

3 _ 1 
6 5 2 
7 4 8 

3 1 _ 
6 5 2 
7 4 8 

3 1 2 
6 5 _ 
7 4 8 

3 1 2 
6 _ 5 
7 4 8 

3 1 2 
6 4 5 
7 _ 8 

3 1 2 
6 4 5 
_ 7 8 

3 1 2 
_ 4 5 
6 7 8 

_ 1 2 
3 4 5 
6 7 8 

