1 3 _ 
4 8 2 
5 6 7 

1 3 2 
4 8 _ 
5 6 7 

1 3 2 
4 _ 8 
5 6 7 

1 _ 2 
4 3 8 
5 6 7 

_ 1 2 
4 3 8 
5 6 7 

4 1 2 
_ 3 8 
5 6 7 

4 1 2 
5 3 8 
_ 6 7 

4 1 2 
5 3 8 
6 _ 7 

4 1 2 
5 3 8 
6 7 _ 

4 1 2 
5 3 _ 
6 7 8 

4 1 _ 
5 3 2 
6 7 8 

4 _ 1 
5 3 2 
6 7 8 

4 3 1 
5 _ 2 
6 7 8 

4 3 1 
_ 5 2 
6 7 8 

_ 3 1 
4 5 2 
6 7 8 

3 _ 1 
4 5 2 
6 7 8 

3 1 _ 
4 5 2 
6 7 8 

3 1 2 
4 5 _ 
6 7 8 

3 1 2 
4 _ 5 
6 7 8 

3 1 2 
_ 4 5 
6 7 8 

_ 1 2 
3 4 5 
6 7 8 

